96.15
98.67
103.41
102.19
100.3
98.58
103.05
101.47
102.87
105.06
101.95
99.74
98.59
99.45
111.98
107.36
106.03
107
111.47
110.65
109.21
108.89
109.59
107.56
103.52
104
115.42
112.35
110.86
111.5
113.15
115.15
110.95
111.33
111.73
111.25
108.55
107.8
119.09
112.61
117.19
114.4
119.41
121.06
116.21
119.33
118.67
116.3
114.79
113.33
125.11
120.29
123.9
122.38
127.85
129.05
123.24
129.17
125.88
122.43
121.86
121.91
128.99
129.48
128.92
130.59
136.53
133.87
132.6
132.8
124.58
118.9
115.2
115.26
127.81
123.09
124.41
125.61
131.44
130.7
129.81
132.48
129.62
129.23
125.81
127.61
143.44
136.87
136.52
136.09
141.64
141.55
139.46
139.33
139.68
136.69
132.66
136.18
144.93
139.89
143.23
141.75
145.19
147.51
142.3
142.02
141.87
139.23
133.34
135.35
146.35
139.85
144.56
142.28
147.46
149.91
141.6
147.71
144.15
139.52
139.32
136.14
148.01
149.79
147.03
144.87
152.13
151.81
147.27
151.9
147.79
145.77
142.72
143.53
149.03
147.69
147.14
140.88
149.85
148.27
148.12
149.7
144.92
145.48
139.1
136.82
149.98
142.66
140.13
139.01
143.59
141.14
138.56
140.45
136.16
136.4
128.36
130.79
140.51
136.02
133.61
135.33
136.59
138.18
134.02
132.69
132.35
133.34
128.64
129.65
142.29
133.82
136.15
135.14
138.47
140.26
135.12
136.08
135.3
136.02
132.28
130.11
141.92
139.21
132.43
137.34
141.28
143.63
136.13
140.03
137.88
136.52
133.83
133.52
138.57
138.84
139.21
135.29
142.99
142.3
138.77
142.88

