3835600
3292460
4013940
3879069
3831764
3900395
3901382
3815240
3957936
4085776
4114458
4572111
4586767
4203459
4181733
4549530
4572618
4634247
4615480
4766625
4792687
4714824
4928933
5133909
4896198
4756379
4448336
4852423
4892440
4949515
5162360
4977276
5020077
5206021
5137221
5258504
5070597
4746571
4878698
5149050
5070814
5392921
5117005
4935005
5188582
5087929
5153898
5138757
5262051
4874337
5095166
5439790
5317204
5420347
5612566
5942690
6060500
6093349
6225635
6564090
6529378
5956078
5834411
6320139
6412163
6597922
6815136
7274845
6601227
7407164
9747270
7557565
6665705
6894319
6751113
7765238
7813160
7817268
7925613
7502527
7917974
8048838
8005283
8595295
7851857
7872381
7526061
8356641
8398727
8405312
8646627
8980148
9220728
9961134
10071760
9802424
9920028
9684691
9432408
9552759
9413255
9774879
9560136
9693479
10138058
10192181
10547064
11594243
11591700
10109642
10253870
10953897
10896303
11271260
11069145
12075992
12058950
12106301
12414280
13258039
13130996
11720251
11880402
12702474
12697032
12790020
12638052
12826158
13617796
13543820
13508566
14370879
14402314
12476343
13714304
13468953
13516670
13857173
13608386
13914745
15028282
15706500
16470020
15892389
15601678
13985864
13849181
14932709
14977485
15144717
15359629
15629671
16439723
16644008
16856091
17056224
17937135
16924028
14682792
17417676
17871228
18634978
18023842
19112277
20105698
20525737
19555381
19085898
17939645
17844211
17254242
18180605
18006755
18281441
12210598
12419815
12969904
20593270
20985233
22158108
21329561
19969441
20888481
22469938
22502687
21933985
22012313
23924319
23046142
23277960
23889276
25191539
24420939
28428560
23276770
24376533
24211629
24749609
24474567
25635947
26162963
26259119
26468856
28908020
27374686
23791344
25956760
26775253
26638373
26886639
27031563
27234607
25865643
28045501
29851635
30807734
29905449
27557885
26871431
29524188
30288352
32574914
29779369
30127294
32367408
32111308
32824280
34781256
32304350
31142130
29420418.54708
30163152.44933
30397012.47948
30525803.50706
29603223.60546
30547222.92297
31808949.94595
32971440.38098
32890799.02415
35941300.68049
32940396.30733
30892901.71273
30149726.26678
32530159.57577
31385531.2528
32164067.10209
32414559.7953
31751121.11432
32672471.4933
33039256.40653
33500162.07697
34752416.90122
34541635.90993
32322677.6889
32583554.51039
33176787.97493
32834051.53912
33126818.04243
32950941.73838
33532527.9216
34126713.15923
34154995.97826
35151780.3364
36551348.37022
38305410.57102
31657862.73362
34274197.30207
35786589.56265
34326044.18206
35498434.45801
35202958.63034
36300948.42279
37332459.37044
37140968.04728
38143348.16865
39805782.82169
40947116.69745
36070355.05879
35013984.89203
38234969.61781
37362585.80204
35818240.27845
39844093.86256
40066634.00308
41821450.02305
40420728.28447
41296528.24419
44041598.04934
42612899.82094
39080140.72095
39123060.53051
41446034.3807
40526254.54408
39893138.78796
40753446.52466
41922819.39865
42493642.6904
42497586.84322
