108.785
110.039
112.035
114.614
115.071
118.09
120.733
122.289
120.967
121.241
122.85
123.187
125.397
126.353
126.627
127.509
129.655
131.24
132.674
132.679
132.849
133.141
133.517
134.689
136.814
137.39
138.99
139.807
140.229
141.207
141.33
141.268
142.101
142.587
143.771
144.765
146.038
146.067
146.408
146.211
146.544
146.951
146.398
146.144
146.111
146.063
145.797
147.231
148.921
155.528
158.6
158.647
158.1
159.711
162.253
164.612
167.028
170.182
174.496
176.647
178.454
178.8
179.128
179.357
180.563
182.236
186.353
189.746
191.049
191.763
192.506
193.97
194.92
195.58
197.151
199.374
200.251
203.167
206.45
208.315
209.111
212.135
213.756
214.137
214.535
214.927
215.17
216.673
219.07
222.872
227.441
232.818
238.973
249.042
263.58
270.692
276.578
280.984
285.64
286.815
284.9
282.913
282.349
284.105
287.081
288.337
289.718
291.462
293.793
296.976
299.746
303.184
307.616
311.576
315.113
319.244
320.788
322.492
325.148
326.833
327.915
329.241
332.49
334.17
333.321
331.823
330.484
327.887
327.454
329.529
330.619
330.835
333.222
333.03
331.531
331.607
332.851
335.067
335.637
337.011
337.817
340.541
342.482
343.384
344.85
345.652
346.407
346.878
347.421
348.328
349.628
354.495
358.633
361.308
365.1
370.485
374.139
375.558
378.194
382.414
389.585
396.954
401.406
399.87
401.327
405.707
405.982
404.185
404.244
403.737
400.353
400.53
401.232
399.966
397.393
397.758
398.738
398.575
398.857
398.407
402.425
406.826
409.399
412.341
418.811
420.241
421.154
425.788
430.453
434.882
441.754
443.427
447.764
452.047
454.805
457.059
457.09
456.49
456.258
459.055
462.509
464.349
466.331
465.586
466.979
467.308
469.91
474.683
479.019
482.311
489.621
495.949
500.314
498.739
499.989
503.283
504.83
505.832
507.375
507.087
508.715
512.598
513.313
515.688
522.69
525.966
527.422
531.056
533.197
537.703
545.684
548.145
545.652
542.194
539.21
539.55
539.649
542.853
549.04
551.149
554.835
557.803
564.568
569.738
572.034
575.938
579.293
581.618
589.897
600.269
607.441
610.128
619.476
624.366
627.06
629.345
636.468
646.868
644.356
647.153
647.36
648.213
648.561
653.951
656.778
657.191
654.709
646.573
643.26
637.079
635.198
636.714
640.654
641.279
646.422
651.214
654.968
655.975
659.665
665.77
676.695
686.696
689.746
694.414
706.834
708.694
700.601
697.446
697.923
706.66
714.243
720.695
723.577
728.142
728.084
724.395
728.04
732.041
